8
3 5 4
12
0
2
3
5
7
8
9
11
13
18
19
21
1 10 3
12
0
1
2
3
4
5
6
7
8
9
10
11
3 5 4
10
0
1
3
4
7
10
16
17
18
20
5 10 6
50
2
4
5
8
9
10
11
13
16
17
18
20
23
24
26
27
28
32
34
36
38
40
41
43
45
46
55
57
58
60
66
67
72
74
75
77
78
79
82
83
84
89
90
91
92
93
95
96
97
98
10 5 7
50
2
4
5
8
9
10
11
13
16
17
18
20
23
24
26
27
28
32
34
36
38
40
41
43
45
46
55
57
58
60
66
67
72
74
75
77
78
79
82
83
84
89
90
91
92
93
95
96
97
98
1 0 1
12
0
1
2
3
4
5
6
7
8
9
10
11
3 3 0
12
0
1
2
3
4
5
6
7
8
9
10
11
7 20 15
100
1
3
14
21
27
55
60
61
65
68
82
83
88
91
98
113
120
125
131
132
135
136
137
146
147
156
158
160
166
172
178
179
181
182
190
196
203
208
217
230
232
235
241
245
251
255
263
267
275
279
285
286
287
289
290
292
296
298
306
307
316
322
325
326
334
339
340
341
346
353
355
357
360
362
370
375
377
389
390
398
405
417
419
428
431
432
445
447
454
455
456
465
467
468
477
478
484
488
494
499