43
3 2 3 5
5 2 5 7 10 11
7 10 17 21 23 79 83 103
20 1172 1656 7989 9548 5133 2889 4539 2974 3183 2907 7653 1190 663 6044 9092 1784 7598 3014 3269 3158
20 2345 4421 2136 8828 294 4088 1159 5887 3744 7926 2676 199 213 6336 9552 2226 8302 3303 1702 8629
20 9286 903 5313 2869 836 9237 6521 8065 4150 2355 4029 5715 8529 5169 638 4977 413 8070 5626 4833
20 8784 7409 2239 3002 1799 9118 6751 7836 3569 5915 4093 878 9063 1836 9347 4609 5720 4704 8557 2816
20 2029 54 9772 9333 6000 3160 2143 1446 7455 6129 228 7308 6979 4430 926 5135 6732 1598 4425 7893
20 3241 7611 6610 774 6473 5191 1977 1532 3548 4825 2155 1938 712 7302 8815 4139 585 2781 8916 388
20 5896 3804 2606 4160 9432 5562 4934 6356 5791 6945 8571 3409 9935 4811 3877 9816 8045 1372 3033 1261
20 2093 1687 1135 5917 7239 3995 7689 5238 8700 2043 6775 3743 8642 7354 7233 2665 9536 6733 4068 9112
20 7551 6799 7096 2384 6428 8829 8310 7992 6076 4534 7441 8839 1116 5007 1588 8883 864 2934 657 2301
20 7425 8409 9060 4064 56 7298 5818 9992 4621 7720 8356 5022 6035 9800 9336 1970 9607 2924 3355 5935
20 6374 3027 4184 607 8484 6273 8400 173 6662 3411 2823 301 336 7374 1620 2243 2358 580 4769 8008
20 9319 5569 3224 3324 2781 4156 3594 7010 3088 2401 5843 5016 136 211 2059 291 7128 5166 1487 3943
20 3472 5783 3468 4086 511 9979 7740 6619 6132 8271 1568 8549 3480 883 6231 5036 9442 1100 1968 1086
20 2957 1748 8919 8412 98 950 6345 4607 398 4405 4858 6966 5224 4776 7537 8729 7659 4384 1703 7563
20 744 2015 3534 2916 143 8347 9532 3611 3605 8280 3318 897 7687 86 2656 9166 2167 6676 6232 9423
20 3948 6231 5429 4618 4527 51 6253 5790 1229 6064 9546 3297 1447 541 9143 5121 5536 8040 4270 4331
20 9847 8806 9789 6767 7342 2215 8458 5343 9317 2541 3730 8846 7119 2807 6233 8937 8978 4241 7970 1293
20 124 6772 9127 5038 1337 1626 9875 6427 8697 633 1311 5608 2491 1897 3807 7229 7821 7312 1708 3229
20 2280 3460 5027 1115 9940 3511 4521 2658 6555 2858 9365 3174 1656 3205 7938 3480 9494 3731 9505 9916
20 6734 763 1432 5408 5166 4437 1330 3838 8832 1660 4194 2941 8588 4046 2730 1442 6006 3009 9936 9034
10 47 89 23 2 59 29 67 37 41 107
10 113 89 5 7 43 13 37 53 83 17
10 59 101 71 29 53 17 67 103 73 2
10 3 43 5 67 113 73 13 71 59 83
10 47 71 37 79 19 59 53 73 11 103
10 17 37 3 2 79 113 7 107 11 71
10 43 13 61 67 101 29 97 3 53 107
10 31 29 43 19 59 41 61 17 101 89
10 29 53 97 19 103 107 47 89 31 113
10 23 113 13 29 97 59 83 103 31 41
10 1849 3481 25 9409 10201 4489 4 1369 7921 1681
10 11449 49 9409 1849 11881 1681 6241 361 5041 961
10 4 6889 11449 10201 289 361 12769 961 11881 1849
10 25 2209 3481 5329 49 7921 6889 961 529 10609
10 4 6889 11449 121 12769 289 5041 25 4489 361
10 3481 6889 9409 5329 1369 289 4 25 12769 4489
10 5041 1849 2209 169 1681 7921 11881 1369 6889 49
10 3721 10201 4 6889 9409 3481 11881 2809 2209 11449
10 361 4489 4 7921 25 5329 529 1369 2809 2209
10 289 49 12769 6889 841 3721 25 10201 4 11449
